0.00655787668248 0.433492446292 0.433203935985 -0.00782865606615 0.363193490811 -0.541737039127 0.00927918858673 0.0386382759504 0.277138548682 0.197022476421 0.0218794119652 0.0953459579957 0.138337590793 0.013554717137 0.0537813781061 0.136375651491 0.0167691596799
-0.401965167554 -0.0964010719616 0.413056672833 0.0160583851223 -0.256157012775 -0.506026833714 0.00732708376973 0.403024064977 0.0138727374672 0.00115534886409 0.0045480490728 0.316071577159 0.177452548673 0.17565418987 0.00588803221288 0.00643635034626 0.0243105870325
-0.368679114617 0.256731208033 0.434398889715 0.107637355847 -0.0864509699676 -0.490249893223 0.0589664500114 0.354040457345 0.0042238479666 0.00391553754657 0.0165004884618 0.0320141321481 0.265315946808 0.196484680529 0.255480447134 0.053557304142 0.0209507844335
0.0410875000078 -0.433478635981 0.440470829463 -0.0252515290985 0.296819163475 -0.544850226208 0.0167972197623 0.0908678049338 0.0274402045686 0.194830896567 0.251146199693 0.0139137079996 0.175409894248 0.0574540261445 0.0237714101585 0.16885167505 0.0496539491391
0.352150086642 -0.00885692826247 0.138401234992 0.314854761122 -0.113498506792 -0.372120809894 0.465122951076 0.331020361966 0.222750013471 0.15207046899 0.0789584636557 0.0698929612889 0.143313797645 0.0342823666381 0.0117605546177 0.00607079865872 0.00789405188969
-0.366470712244 -0.268562578554 0.455215052664 0.00632857752076 -0.0704944594192 -0.484635308259 0.00166597418281 0.367297055628 0.262783487899 0.0332945734202 0.236460406155 0.0461998268961 0.164786658129 0.088756203771 0.0230002224102 0.0105657347327 0.157371899128
0.211807920015 0.410040954299 0.460809136904 0.0218490043611 0.147590505259 -0.530656169979 0.00734198127052 0.215964612657 0.247181127125 0.261282581395 0.0604737532853 0.018719510707 0.171553407719 0.0844263420759 0.0212940754087 0.0563251573031 0.127037711664
-0.286421223088 -0.183380258525 0.0329363038583 0.315700741178 -0.0331060688919 -0.316643227278 0.560558406158 0.32482238356 0.0388008176209 0.0129298340516 0.0144402283574 0.0701388136454 0.207100198872 0.0246125484398 0.0996073984851 0.13797945255 0.0939861527516
-0.390897926001 -0.179768119937 0.427940766736 0.043443850618 -0.163140908926 -0.50125835511 0.0181636159652 0.395717175612 0.0117499578697 0.00446878306912 0.0110067798341 0.310816940882 0.19530729542 0.0882617928363 0.0232906644416 0.0154954963892 0.167592088135
0.166810198674 0.423885352821 0.454786686396 0.0164309752528 0.203059958007 -0.544622793597 0.00777326700221 0.169389391181 0.0677385340319 0.194310832843 0.089331012792 0.101287191893 0.164866805735 0.0373566010804 0.240805264011 0.129320690853 0.079611352017
0.386841297012 -0.188166867387 0.429270653352 -0.0335463760637 -0.153463844755 -0.495061791616 0.0191181708381 0.38835133379 0.0139688421289 0.0109393748514 0.0629598795304 0.106788495112 0.205174214959 0.13848417166 0.262810697438 0.0423815955092 0.0373490685038
-0.357724949959 -0.286110421204 0.459229868137 0.014923835853 -0.0518614362629 -0.478448907354 0.0031059669581 0.360102007505 0.236809199112 0.0194849738621 0.0836844601488 0.05304442847 0.180455858897 0.141488147646 0.0289038546746 0.0224994999942 0.266232080867
0.189217833211 0.419485624526 0.458406745067 -0.0166916589236 0.176591265107 -0.539690446374 0.00878537676322 0.184183414791 0.370856659586 0.0960994709096 0.0278286201284 0.0477405770608 0.171710947261 0.0103509784745 0.0178707402056 0.117835344837 0.0347913817397
-0.398529897396 -0.136957760238 0.420833253185 0.0253761463927 -0.2102492146 -0.50633041646 0.00773667981128 0.400771060159 0.0157784161427 0.00671752437748 0.0154362132165 0.280150234014 0.162375781788 0.120384843496 0.188418844441 0.0168713108065 0.0827864844603
-0.025455793144 0.436897787175 0.43231439636 0.0703142030182 0.322193416765 -0.542448460967 0.0316732583818 0.0609637928318 0.0558827579472 0.0847766608158 0.104606654078 0.215744030614 0.159336417422 0.0483287147667 0.129501106783 0.20544411058 0.0533563553054
0.268097887245 0.379664747554 0.462803787843 0.0159733136834 0.0864872249968 -0.49229582663 0.01495914845 0.260801415778 0.0394586089749 0.082779741481 0.0279910190156 0.0554781737782 0.293275664997 0.0687287459097 0.0810806565794 0.0967970697325 0.226836246184
-0.382096066929 -0.219150339379 0.440645630111 -0.0080601217944 -0.122036883418 -0.499451905381 0.00495923057805 0.381280501442 0.253222528541 0.206995488974 0.0928331465773 0.0649573686988 0.152737571775 0.136782041352 0.0236664560767 0.00995938810162 0.0876314785663
-0.192516005902 -0.417961403232 0.458772619894 0.0151915362009 0.171540040319 -0.540921822642 0.00677380524348 0.195652480189 0.359509403177 0.0818133511132 0.0258651623433 0.127362678077 0.131865062761 0.0119871352627 0.11009321139 0.104109696742 0.0396342161008
-0.37922339752 -0.230577786009 0.44410003229 0.00891693269632 -0.109326984078 -0.496642193607 0.00316193713428 0.380374860907 0.205153967547 0.0292328128473 0.0533709422457 0.156233039582 0.160369155774 0.0764726859524 0.228164945955 0.0306942382135 0.126959149509
-0.296158959646 0.361773663888 0.465679653896 0.00135833781007 0.0462256515749 -0.488393721545 0.0141224855076 0.29601845012 0.261105038208 0.0624947836939 0.17490465452 0.133888452743 0.175590286344 0.0280503527869 0.158645146301 0.0508659671759 0.0179345683651
-0.399228777973 0.00380370872688 0.397965339327 -0.02163992196 -0.318525514013 -0.498272145 0.0171574828156 0.399445058185 0.26981531756 0.073057493434 0.074043122997 0.168580779981 0.123314701316 0.102595846469 0.0177879110456 0.0187777063997 0.0186690653067
-0.396192377061 0.150552538372 0.420451776874 0.0459948235737 -0.194265129438 -0.510666798619 0.0227870269048 0.392018953141 0.00450892563032 0.00324764585899 0.0135216263561 0.117511731948 0.195536746084 0.164952017465 0.298845455794 0.00812849290244 0.0064705198868
-0.178396272174 0.422957659479 0.456505178088 0.0376478426332 0.188341384684 -0.53705887771 0.0233818700161 0.168541485305 0.00404733506485 0.117413721201 0.296815599664 0.00386036325513 0.22984092291 0.0267868695819 0.0393065588734 0.178560343406 0.0183429520602
0.30967876374 0.35536513755 0.469672349459 0.0206394061854 0.030915557607 -0.472285708442 0.00752244590996 0.309806397921 0.366562857515 0.157726273928 0.0648958532893 0.0182729651887 0.158374010638 0.071427337143 0.0143457290746 0.0142245448851 0.0934237964832
-0.327135548878 -0.33952063971 0.47156848792 0.00136741809752 0.0088243321654 -0.469824325673 0.00303108031621 0.327333539971 0.40422317972 0.0184653803976 0.0154524719602 0.101605117958 0.135959241223 0.0101578447353 0.0916784589828 0.0181939130454 0.113586136375
-0.400007189525 -0.0369092152553 0.40576925976 -0.00172638888505 -0.287723939521 -0.502301717682 0.00983668778369 0.400007923423 0.0883415171253 0.208267658091 0.0747587326693 0.175432211126 0.150889849259 0.140351816192 0.037058006256 0.0328179108561 0.04209297248
-0.39916648309 0.00146843045971 0.399945812866 0.0314231765189 -0.31945572669 -0.499281454146 0.0163487347785 0.399297899912 0.00355982130256 0.00282864773606 0.00504567625271 0.248693444896 0.159045945791 0.16807543683 0.191107796722 0.0109647883633 0.0126174298821
-0.325205331305 -0.338127972164 0.467834680874 0.0219686183625 0.0105508701435 -0.472244701509 0.00914632351499 0.328512496142 0.351047556955 0.0278265099994 0.0294903587102 0.134942817794 0.172099522704 0.0168597853257 0.0288942032868 0.12374307482 0.107074659152
0.39301342616 0.154746282265 0.413259810269 -0.0727008922213 -0.187496987741 -0.503981686781 0.0365193037442 0.386688228326 0.0222534489603 0.00695436225619 0.00514066620982 0.231725727293 0.195448044753 0.0786307073276 0.131251284757 0.0397327668108 0.160947760619
-0.398554053547 -0.134350414463 0.415407990043 -0.0432928768127 -0.211905608281 -0.509915615291 0.0236210460508 0.395561833323 0.34066266393 0.0413761037182 0.0427354600842 0.103225602536 0.135759433412 0.112378076399 0.0146287438931 0.00918808869214 0.010507758818
0.328804933817 0.337100277414 0.471126227233 0.00186964649708 0.00699523733612 -0.468055168977 0.00572457669312 0.325939308735 0.364598962597 0.0192113594662 0.015347013516 0.040871012987 0.205190426732 0.0170705537079 0.0204586469799 0.0277162140317 0.169610908359
-0.366372013638 -0.270959235103 0.455910404434 -0.00060740403238 -0.0682282394649 -0.485218567281 0.00202248836723 0.36613013624 0.370568028853 0.0136614339592 0.0137207586509 0.037800719384 0.193306925893 0.0416262603776 0.00408445641728 0.00967222855809 0.15062534867
-0.0407896964393 0.434819121082 0.436547371684 0.0247883868942 0.341729024992 -0.54368661487 0.0160143993583 0.0520883761993 0.00504524332799 0.225757913829 0.259154674611 0.00575476852986 0.157619635387 0.0509939721438 0.0164849978309 0.15939021169 0.0343052293261
0.131080313683 0.381951262041 -0.41055675101 0.0263924420874 0.155801886434 -0.360078578142 0.177877226512 0.237056050531 0.182070040369 0.149862629637 0.0478453862053 0.0411273726944 0.187178775738 0.0299816855395 0.0449364709211 0.0933652309166 0.0401614143712
-0.400493390654 0.00857663238074 0.396321527772 0.0632672638089 -0.305712434895 -0.500761564333 0.0291819065454 0.399769269449 0.012950769784 0.00845025820161 0.0115241277371 0.157483783851 0.136096990137 0.128805534087 0.293901610826 0.0220328795499 0.0324895140046
0.0349410688511 -0.0325735977392 -0.0816961017136 0.0526198241397 0.0204363100621 -0.14323895329 0.892668706616 0.118413627518 0.0767449896258 0.0603716553751 0.0249683308491 0.0328859231725 0.0863816728109 0.0189308112986 0.0195870500137 0.0346717060631 0.0181075106328
-0.107679602974 0.435105235256 0.446751389947 -0.010308814174 0.271635421352 -0.549885837295 0.00930430376122 0.110716495807 0.258315375621 0.180529126687 0.0831685645488 0.143715116148 0.128540504671 0.0171552605811 0.135857623628 0.106421175634 0.0143342715611
-0.374319574158 -0.0336911292902 0.241760696352 -0.296753778794 -0.161389289694 -0.429295514792 0.329461103559 0.368797472868 0.254764779254 0.115014784234 0.113618309965 0.0834547737526 0.15220166028 0.0436565816084 0.0196929343307 0.00786846796458 0.00926171646234
0.0692691265584 -0.391323157734 0.219706585151 0.318122725745 0.164250914906 -0.425261500023 0.429779813555 0.114544414199 0.25736755148 0.146114612296 0.0304883430079 0.099182070881 0.150365415835 0.0118250313968 0.0522868310194 0.0315648448349 0.00752298223249
-0.261941827841 -0.387740354843 0.467422755818 0.00632390230143 0.0910128212981 -0.511605843752 0.00382842794314 0.263278969961 0.361554973004 0.0464503961577 0.0113062196503 0.116332103431 0.150654028544 0.0104395042623 0.14457093729 0.0572219861188 0.104309975177
0.240148195236 -0.233517856635 0.120200740149 -0.323076388758 0.00556980030986 -0.371329439334 0.449271798401 0.28684341976 0.0497230170287 0.0358025775343 0.056188189358 0.0440225492836 0.217575287004 0.103822058628 0.0693454043287 0.126820650647 0.0887496906091
-0.390596299766 -0.175488663716 0.419821629979 0.0718586076035 -0.172464699013 -0.499174954967 0.025696045289 0.39881871542 0.00578625501449 0.00386484326856 0.0114056893284 0.182507790328 0.180406671696 0.0692744911807 0.252164246763 0.0255611809084 0.175673431225
-0.175289024003 0.423572833495 0.455697349787 0.0309961517148 0.192887514942 -0.540804233504 0.0163337498119 0.167764832242 0.259303253488 0.104743842673 0.179537117972 0.100038871522 0.176782891463 0.0315006114423 0.0677177473504 0.132523815643 0.0316195868555
-0.00324729681197 -0.434377038204 0.436925057719 -0.00656265786585 0.283452497544 -0.537393537524 0.0214175327634 0.099193630757 0.00603064303234 0.0671993440164 0.00878165668254 0.0216871318337 0.29354854887 0.0274414721442 0.0558642928821 0.269666381205 0.0351208525599
-0.10220966298 -0.40566150932 -0.41619563614 0.0160803596968 0.168777555114 -0.362131945833 0.167749254005 0.208164454602 0.192699450076 0.159546684646 0.0462186565112 0.0382198943521 0.187235276544 0.0239795591075 0.0431462335603 0.0944398436405 0.0361381037643
0.257548687813 0.389400799436 0.467239623298 -0.00217170283817 0.0966094638657 -0.512411797992 0.00354561986341 0.256438966558 0.303298417291 0.0698095329211 0.0402107342272 0.13352509546 0.163574459135 0.0177389394241 0.1457352866 0.104830329984 0.113081367195
0.351135884157 0.299583598815 0.461396081206 -0.0224391020317 -0.0329549259836 -0.470469178557 0.0116618980371 0.339282105955 0.190162216718 0.0260277260293 0.0222176978923 0.211632898285 0.208323696294 0.0352269454537 0.109549838455 0.0634081374405 0.171960671123
-0.292033649536 -0.362767780574 0.462915291473 0.00749639489168 0.0486340550622 -0.488529836696 0.0131958756149 0.294795152884 0.0371627168423 0.0280917032311 0.00657720790743 0.0307944600536 0.33270788288 0.0183610246424 0.0382195630924 0.137802855141 0.234398477272
-0.35874647069 -0.280655295698 0.453296124905 0.0406590789752 -0.0601999353911 -0.479246395595 0.0114006511919 0.366708150168 0.0246210581987 0.00580849104708 0.0144523822735 0.242323577341 0.213970915322 0.0354647052712 0.187247655389 0.0321840218864 0.211007849555
-0.00108275701638 0.434803041451 0.435121555222 0.0201793262143 0.344376842257 -0.544142903188 0.0146447993402 0.0517876296224 0.228206745326 0.228942627757 0.151320258041 0.0425041275453 0.139726126065 0.0468880322681 0.0247336247941 0.113682351561 0.0367651925629
0.396782329732 0.144914769096 0.419281491611 0.0348107305381 -0.200630029133 -0.503729421326 0.0229824944612 0.399499079346 0.316504324751 0.0431013437081 0.0378999458459 0.115559897875 0.151478086649 0.117240366226 0.0232592665475 0.0126179241345 0.0249674228549
-0.250909508475 -0.392838379578 0.463171756555 0.0266628916594 0.104909606792 -0.515592562341 0.0112996245224 0.255253753246 0.405022835089 0.0518362307399 0.0223404454491 0.0440109406038 0.16116370927 0.00673603824931 0.0157114123256 0.0787008596513 0.0507099691576
0.309480010998 0.351755573336 0.469075980646 0.0196621355944 0.0308027211954 -0.480382713051 0.00560282434091 0.311418300178 0.280079030416 0.114123766542 0.218246431865 0.0220148712724 0.177694712393 0.0590752924993 0.0183089426717 0.0213597118275 0.138389672124
-0.149602632608 -0.429697572652 0.454863595898 0.00622423547384 0.222073616847 -0.548344984668 0.00401267789969 0.151028928746 0.233976423523 0.246931126603 0.0338262613027 0.0175017868791 0.208276545468 0.0158182152684 0.0153386956409 0.154690202199 0.0397620938997
-0.3564625919 0.288625699468 0.458402036441 0.0154000251263 -0.0482180970046 -0.47738766122 0.016776416773 0.351895425428 0.0113439075092 0.0166826590139 0.174613738503 0.065941299636 0.235051184285 0.0542673734818 0.305854657755 0.0207116903635 0.00716930854967
-0.107677101383 -0.434968062562 0.443167806845 0.0358405467973 0.270042789871 -0.549985829664 0.0189531403565 0.11594765984 0.350955474228 0.126888515378 0.0246818936134 0.0984945163232 0.126153104039 0.0103562399543 0.068150762422 0.110420949426 0.0122260453072
-0.388004423404 0.0029578492597 0.282466540677 0.262476926798 -0.20867166948 -0.456659074821 0.299483057463 0.380291180539 0.0233477019869 0.0121409695879 0.0143657337525 0.0813509034423 0.211821116539 0.105271074156 0.172417984948 0.0745771002178 0.121736379426
-0.398114519179 -0.142366585387 0.422723869262 0.00792294653365 -0.202771515219 -0.507950032701 0.00458936892378 0.398826296303 0.233486429832 0.0410494924598 0.0338761650443 0.237035906856 0.121308050803 0.0902666901271 0.133192057629 0.0339503421239 0.0416437204326
0.173916966504 0.421255689086 0.455540553905 0.0174632598837 0.194660145024 -0.543013521109 0.00835230058866 0.176875407813 0.106255633899 0.174403064987 0.0809537342552 0.215431914955 0.168674272042 0.0283499667329 0.0624112056547 0.189761665592 0.10173065277
-0.241078911025 -0.398585740633 0.465254775161 -0.00420799773066 0.115158782114 -0.520728124542 0.00429671387199 0.240570270748 0.270614019226 0.231275704293 0.0461508407171 0.0141354792217 0.204587859919 0.0417080300632 0.0126569512949 0.0670623592638 0.134221335254
-0.0154251396719 0.368697228922 0.147679869565 -0.327192109715 0.140719122749 -0.394744294899 0.48748905009 0.185443282151 0.213588836556 0.141059267426 0.0470969205914 0.0999596741845 0.155390577965 0.0124140923223 0.0537122936154 0.036988652698 0.012539671976
0.099677524346 0.434953165547 0.445468607338 0.0189509759568 0.283773793111 -0.550784510068 0.00987251393427 0.103652644021 0.0282268542387 0.296820263819 0.214964206955 0.00740384011575 0.153713350881 0.034712724851 0.0181305477199 0.138189669306 0.0351048609699
-0.00474202083462 0.43290440428 0.433952582353 0.00180229728049 0.36740670381 -0.542049671694 0.00511928167024 0.0373703019548 0.0166110034227 0.346203886126 0.0146333656833 0.00308977413055 0.179183541743 0.00182167034687 0.0108367506578 0.163452133898 0.00686300439539
-0.228922520223 -0.403719388273 0.463799727899 -0.00218167561728 0.129420937392 -0.526657915414 0.00405410075091 0.228518997482 0.235560184428 0.151495532656 0.0436190244577 0.121771874491 0.183880551815 0.0358807258446 0.170013706432 0.0999508068268 0.123007822761
0.399552608901 -0.029409914098 0.400775909268 0.016937743877 -0.301773142866 -0.50048786654 0.0160085397489 0.398887359348 0.250222314196 0.0787964399692 0.0575428063905 0.187451708961 0.114820374704 0.0925362909888 0.0571798019034 0.0259437519226 0.0220634090132
-0.340451078609 -0.320007062598 0.46794002609 0.00901375115558 -0.0143068516976 -0.47014362925 0.00313242551636 0.341876579151 0.305196699422 0.0126218116869 0.0143617924385 0.0772983703814 0.18912229128 0.0240318302463 0.187704408001 0.0310473101688 0.176270427584
0.212371056656 0.410829356409 0.457119305337 0.0641854662938 0.131081356425 -0.493457739722 0.0344967161668 0.218631028581 0.0293541769914 0.317795900156 0.13757371135 0.00780795269304 0.201388388138 0.0372301275265 0.0141952071509 0.0523949385108 0.14236237115
-0.369517459962 -0.260063252619 0.451290034098 0.0232051858429 -0.0789578876558 -0.487205562507 0.0079568266719 0.372815433775 0.290881882108 0.00282633503409 0.00275997988772 0.0768398836861 0.2331331709 0.0368095415135 0.00640975335043 0.00651421281239 0.226031290143
-0.343996214617 -0.315753878556 0.467113672548 0.0057189676951 -0.0199416061773 -0.469436992326 0.00313402190282 0.344819261895 0.307561599132 0.108648872355 0.121009636068 0.12360255195 0.15194191666 0.0473758142331 0.134078763198 0.0244640872896 0.127067698744
-0.0202929195081 0.438066780327 0.438951752837 0.0341703928489 0.298901322257 -0.53682527029 0.026162069008 0.0819600485967 0.00452770174249 0.0661466600619 0.0173988308546 0.00577264649351 0.290378488777 0.0837734233519 0.0332343354137 0.246733259625 0.0721900911372
-0.401437189177 0.0414749805949 0.383646986026 0.120110061662 -0.278642215436 -0.501573648224 0.0711242992548 0.396414281406 0.00526682054577 0.00545124061891 0.0119895278238 0.0762004632966 0.228132783584 0.212635875273 0.15425984716 0.0598975162236 0.0503512109073
0.114452448539 0.434632843899 0.448728204133 0.0152310221709 0.264134166238 -0.551476899158 0.00725640752506 0.118138835086 0.0442905952167 0.343792814873 0.0113798869654 0.00481919373863 0.196261361033 0.0204750412673 0.0113715111542 0.150452278742 0.0426163761053
-0.286656534065 0.371588023207 0.46799652946 0.0125016534118 0.0609413615434 -0.491201834557 0.0192287588461 0.282040334139 0.00642149878584 0.0516908209411 0.279559176106 0.0172979402006 0.252156464937 0.0201475777971 0.212308144918 0.0643759087922 0.00913846855239
-0.371083924051 0.229773030747 0.421512405429 -0.107569561835 -0.110576519326 -0.480417454824 0.0760082405515 0.385435195098 0.0920715061504 0.0669418242619 0.231941938036 0.238248948749 0.17506191015 0.0295406884913 0.0281590420586 0.00594690797683 0.00785590411381
0.00924230090267 -0.433975799118 0.434871080442 0.00566970599345 0.359476208175 -0.540721940922 0.00762104569823 0.0413004151335 0.0221849439544 0.340042647978 0.0285478605673 0.020130491792 0.170948494683 0.0152893097817 0.0347761018328 0.146690902909 0.0188990337921
-0.123475731421 -0.433506512028 0.449427067454 0.00767904352803 0.252329604778 -0.550278729701 0.00837533125316 0.126321464918 0.177716988486 0.154053939959 0.0343905469867 0.154246387746 0.163749171247 0.0226094313413 0.192413513029 0.154173033799 0.0360002061783
0.169282318546 -0.425034797795 0.454013068828 0.0394484792731 0.198347776762 -0.533201810185 0.0264980996255 0.158005972991 0.0412554355752 0.258058918735 0.0687992803667 0.0760396257753 0.19010956934 0.0193760836779 0.190413532934 0.103797877052 0.0210578455404
-0.266343091289 -0.384606735679 0.468074538509 0.00542183566067 0.0854405882406 -0.507529646338 0.00238124864901 0.267631039892 0.286906843452 0.0588500565809 0.169807953289 0.1021635091 0.143503696031 0.0765704249496 0.141833565488 0.0581903356759 0.139161648224
0.139182824643 0.431561649714 0.452754128744 -0.00768331971396 0.235676893877 -0.548658064201 0.00586991921506 0.136418080108 0.274589196052 0.137328894527 0.0414432617555 0.14669393283 0.139640148354 0.0160361163627 0.142961445254 0.148036022111 0.0276140338167
-0.39996416745 -0.127232241101 0.420183086818 -0.000445888064164 -0.219402148054 -0.509026156794 0.00363266352879 0.400053215417 0.203158852998 0.00597185691503 0.00545371530694 0.221077075638 0.203729247772 0.180158546905 0.00412221571748 0.0073515339256 0.0295552012271
-0.397673510182 -0.00179419233031 0.398229767775 0.00730654549411 -0.337647056742 -0.496419478813 0.00945108851552 0.397815947779 0.00516949972404 0.00234034846252 0.0062533356513 0.320469364744 0.161279131882 0.157149537419 0.00983817832131 0.00381952615464 0.00581798732156
-0.38842996964 0.188955199066 0.427976384587 0.0200296485422 -0.153283551691 -0.502243881605 0.0199400276424 0.386004974594 0.251882764458 0.0706606725835 0.0883338718464 0.133801608626 0.158495131065 0.0983294407847 0.130541443452 0.0359778940522 0.0268425234316
-0.378502994783 -0.234118524692 0.445248962465 0.00272726705938 -0.105460747734 -0.496289548539 0.00309523745503 0.378689688209 0.349926215457 0.0269304388239 0.0280046976634 0.155684584011 0.125312529279 0.0447001490048 0.0955518675006 0.0321041093774 0.0865173419726
-0.327517330854 -0.335044835463 0.469126046943 0.0154089540235 0.00462428195987 -0.473021413912 0.00324366437282 0.330624487936 0.196614641191 0.0150492126806 0.0206588826818 0.190622685055 0.207550384844 0.0319231035021 0.194008067974 0.0465302525154 0.195919616249
-0.387386449059 -0.187640696447 0.425314343686 0.0447934447662 -0.158331806071 -0.499178143249 0.0189440372184 0.393366182636 0.0190078111379 0.0227400948762 0.0303174455201 0.0931336244985 0.282155955748 0.11437168995 0.0311622482532 0.101402376637 0.186381062921
-0.389464714762 -0.191648901956 0.433822658307 0.022454693749 -0.149205953782 -0.503130956238 0.00769005422973 0.391956173659 0.192908553753 0.00855958020178 0.01400002616 0.194802735002 0.223073731731 0.112373941837 0.0153357439844 0.0195393264397 0.182519349502
-0.3997900597 -0.00708591298663 0.403181135327 -0.00599335757867 -0.301873026494 -0.500508659829 0.0124668901683 0.400026233419 0.0375339320643 0.0588961208422 0.227296141785 0.206312399636 0.129794468222 0.138697539449 0.0348936809101 0.0145807808812 0.0258912966443
-0.00543574954404 0.434655922933 0.435577581859 0.00769655289195 0.34021499118 -0.544330378272 0.0162726906035 0.0564414457335 0.0154201323478 0.214142570496 0.0806069417977 0.0484322229168 0.147096899981 0.0182732471264 0.252921427417 0.153109092911 0.0185064323823
-0.376182832735 -0.241047356019 0.443611745236 -0.0344747733505 -0.101266621036 -0.494298368009 0.0156269471913 0.372378608494 0.385987447901 0.0366314565966 0.0182762164451 0.0430809648567 0.162821068114 0.0893886986444 0.00652833639995 0.00460271530499 0.036755908248
-0.389555927145 -0.194904481374 0.435863249006 0.00403632244608 -0.145578135708 -0.504993916463 0.00179102612681 0.389971377914 0.308564958443 0.00475119611501 0.00639973437188 0.115160378112 0.22036330608 0.106743024916 0.004739218021 0.00678095546456 0.113384813561
-0.295551570007 -0.366179370148 0.47136400191 0.00387387005997 0.0504989629454 -0.487662754681 0.00212795892982 0.296413521446 0.310087478679 0.046968210015 0.209031179023 0.00615377531396 0.17428674586 0.0744090366923 0.00788568782672 0.0346833595141 0.165996445759
0.247227798621 0.395316615855 0.466317485225 0.00551946395375 0.107848869069 -0.519500691373 0.00324861283392 0.248482527305 0.353839452767 0.0779325996308 0.0225910934807 0.0213456690777 0.208664547017 0.0135927002961 0.00747355997887 0.0647893662841 0.149778218764
0.386606274309 0.179432281996 0.408858700409 0.0992572361522 -0.163476644861 -0.490812189501 0.0572324143173 0.396949910739 0.266158065121 0.13494603263 0.173268524975 0.048811532098 0.144100089735 0.104338413261 0.00973382176502 0.00576957260909 0.0167068427476
-0.403130112636 -0.301816184806 0.566418565081 0.00965867987982 -3.20964683252e-05 6.99000328107e-05 4.20521028907e-05 0.000168813044246 0.223348049207 0.0681188445592 0.03418545439 0.18491601459 0.251723484559 0.0583891210824 0.0384672282438 0.0271857146199 0.0447276746315
-0.0350583422185 0.413388014846 0.290204917972 0.286463631281 0.210932813747 -0.469520023701 0.35604188633 0.101777565093 0.0527453634204 0.0747432428614 0.103615149678 0.0427967334428 0.218827643477 0.0840777384803 0.064762378146 0.144719099238 0.0892104151772
-0.190512006861 -0.418657800756 0.459242899216 0.014049505353 0.173184171702 -0.541084806803 0.00616967547169 0.19384623139 0.351173278439 0.106857147398 0.0165739696637 0.0103412863438 0.198088679645 0.0153053691549 0.00696668850039 0.135654269551 0.0622704029874
-0.395256192268 -0.159133282858 0.4258890201 -0.00646527337103 -0.184859672633 -0.507902438306 0.00643960138465 0.394937626385 0.185618079842 0.0545841652969 0.232774040261 0.122582343761 0.148770378443 0.146064397345 0.0251236351961 0.0133529738654 0.058662081735
-0.330717253714 -0.337943866424 0.472640672432 0.00618847035485 0.00501481345053 -0.464737687094 0.00393739052323 0.331877540343 0.367104389533 0.0131549720658 0.00790453035844 0.00874396131604 0.213784209749 0.0103506110819 0.00428783901399 0.0143699426531 0.191715116726
-0.364964203648 -0.270475471219 0.454976822417 0.0104770728403 -0.0679644389211 -0.482886773946 0.00404221138849 0.366251997886 0.226078603115 0.159668918676 0.092004413203 0.0531646459648 0.248659987942 0.0368847328549 0.0256865118777 0.0791079910806 0.159825206469
-0.334856053235 0.285996818869 0.330499732337 0.281864634126 -0.0369524087557 -0.43891791657 0.301428780234 0.281196116824 0.0235022139923 0.0118823798711 0.0256413968803 0.0352446095673 0.248089794524 0.188478511183 0.091960899783 0.18983685099 0.055316959713
-0.241679580436 -0.394038686197 0.453394930539 0.0603108559925 0.106454621652 -0.511334983985 0.0281421842264 0.25818704666 0.0654079748908 0.0272193609602 0.0136532894882 0.206920293063 0.243912802464 0.0193981555034 0.201107165991 0.15238688367 0.0952042499349
-0.107437998337 -0.436754827748 0.44947253589 -0.00616851431391 0.273007121903 -0.548860357705 0.00418303909193 0.105895969124 0.0628770058915 0.329431077523 0.0302017715199 0.0116933165278 0.19714494674 0.0197165810993 0.0170122641588 0.160804153179 0.040156225059
-0.398915636555 -0.00816032427977 0.400817724902 0.00708242515889 -0.321678453916 -0.499390775627 0.00584572002072 0.398896985953 0.198432245771 0.0277826238594 0.0262684684815 0.264089887583 0.0984095830588 0.0929096444114 0.109676198911 0.0307709246514 0.0160980469918
0.004695910703 -0.434441368262 0.435363447208 0.0171981718925 0.350288981412 -0.542951407717 0.0112459479236 0.0467871407343 0.197173416215 0.223811591621 0.0273754214525 0.146246113492 0.125121497386 0.0142368566978 0.153336942047 0.121779564614 0.0164526409499
-0.26972303375 0.383631442099 0.448388528516 0.131649478181 0.0794048727483 -0.491301708178 0.0589894463311 0.240941802617 0.0190128618321 0.00959216401201 0.041549499839 0.0728448801967 0.265494915784 0.175521320371 0.108076648966 0.212929411121 0.0509764364494
-0.122119249821 0.435878713529 0.452646553129 -0.0102328933713 0.250295042328 -0.540848221362 0.00689251188645 0.122329770751 0.0255560588322 0.326446255401 0.0879973356739 0.0146008608543 0.194365594256 0.0144447153596 0.0508827448998 0.15459547609 0.0147533657045
0.369920814316 0.258821558062 0.449604691169 0.0262009289606 -0.080028155077 -0.484573845043 0.0108854404099 0.371947000422 0.368948147572 0.0664772427145 0.0629571839814 0.0439931491103 0.161331679901 0.07896640761 0.0160480154555 0.00818651308989 0.0657677669687
0.374867471692 -0.245942923007 0.442278098589 0.0435041735214 -0.0903107181821 -0.478619728658 0.0288438310304 0.357462251673 0.228660595094 0.106402769453 0.147705322587 0.141810630289 0.156972176787 0.049584683443 0.132468374658 0.0254052021751 0.0209546989724
-0.182082443668 0.421182519247 0.456135425829 0.0307100855318 0.184564145785 -0.53837920986 0.0182873387299 0.174906148631 0.0327487555109 0.0940089125472 0.175699109667 0.136808927919 0.178769106015 0.0228105197483 0.251071594162 0.138953174172 0.0165513491841
0.0128870291537 0.434023641402 0.43659850167 -0.00337054920644 0.349238084893 -0.544281852632 0.00581772198084 0.0507808466127 0.0997922288218 0.240058073974 0.0439162508237 0.188404504095 0.128755425664 0.0155239639665 0.157751140448 0.137022679751 0.0154247412158
-0.389576120262 0.182268116955 0.426687654188 0.0361257817192 -0.160685799752 -0.503027787049 0.0201136983457 0.384685112122 0.0307666143733 0.0223520583298 0.0604753789366 0.259746193379 0.186067179137 0.119623875095 0.135934815609 0.0950520793803 0.0391781099402
-0.224925573413 0.388517716022 0.408963334025 -0.175697579476 0.114696180466 -0.49550087585 0.13100554242 0.264699474721 0.143149565602 0.253628437764 0.0543292652361 0.141753300302 0.16961523146 0.0142119468782 0.112640757186 0.0174822948035 0.0104835257704
-0.358146424543 -0.281216127358 0.448682808399 -0.0590421561548 -0.0639606387958 -0.482511402208 0.025508055681 0.352204578433 0.333102762766 0.044829635305 0.207197560743 0.0281538036276 0.162042217597 0.110415689174 0.00938527233535 0.00347222415274 0.0213938162467
0.224551949854 -0.408364865353 0.455854207026 0.0619864930882 0.133993449732 -0.501757041639 0.0363667192698 0.199774736519 0.264423764029 0.176622958543 0.103496167653 0.129542657819 0.162468421264 0.0238942340568 0.102410423079 0.0543578848957 0.0207648414691
-0.174268447147 0.236731362854 0.0209322925005 0.273312870798 0.0294526313469 -0.278690397632 0.724452493605 0.146702026163 0.026943102006 0.0215656167421 0.0313922785166 0.0230741340179 0.178020192889 0.090609564163 0.0541636292064 0.123243583142 0.0834761065686
0.017738297382 0.434097712889 0.437060647412 0.00444699927589 0.348094708572 -0.54449948144 0.00524981589191 0.0517146864697 0.0375131724402 0.328543454952 0.0663553595879 0.0135700569621 0.126597493349 0.125555096879 0.0202083561793 0.113848020971 0.095248350983
-0.325788147072 -0.340681607162 0.468715088166 -0.0144374148034 0.00865754829807 -0.468739988435 0.00815291405654 0.324488107851 0.371669625023 0.148317864284 0.0622831306472 0.0246745883507 0.179483832171 0.0425652740039 0.0111547747204 0.0178282710287 0.0642888664392
0.39984266337 -0.0165758845474 0.403761456178 -0.00344587434282 -0.304857336234 -0.498290718513 0.00930499213655 0.396730723275 0.0186373385014 0.00856324941608 0.0148984032319 0.289208942084 0.165765102629 0.156513022229 0.0614875265111 0.014488975925 0.0157961920777
-0.179790042612 -0.421183406216 0.457956387438 0.00516722385814 0.185748979747 -0.54182017163 0.00482944382261 0.18137959525 0.244008205753 0.125489717226 0.229223300193 0.0196070248898 0.161060410378 0.0942330834667 0.0185721910836 0.108193127603 0.0978069125298
-0.323987809198 -0.341019595124 0.471398379922 0.00219947202847 0.0121748413329 -0.473399395877 0.0014549785602 0.324338538278 0.285080833614 0.191541213486 0.06763344886 0.016404415519 0.175644417128 0.0910716077615 0.02116267259 0.0179587679076 0.206364863242
-0.200525732112 -0.414536073751 0.448585392045 -0.0652927036248 0.163111901032 -0.526721408922 0.0360705612306 0.185569640994 0.0378395546294 0.294121723454 0.0949534466865 0.0142382989199 0.210925187683 0.0470738942207 0.0230592205217 0.0761011414365 0.16299816456
0.19276798979 0.417108043191 0.459175951286 0.012341991606 0.171187291653 -0.539467447772 0.00534372272739 0.195181041785 0.227235831983 0.18713162387 0.226852220874 0.0299289340576 0.159586644929 0.0507482468897 0.0276850834354 0.0838776995546 0.094010956252
-0.267196385635 -0.385032106996 0.468624590503 0.00041054779976 0.0844101237299 -0.508295708359 0.00315923037815 0.26767779441 0.360676040107 0.0560043448228 0.0084508134797 0.00537622225992 0.207995886814 0.0158877413346 0.00605359583582 0.0532340720653 0.175117177239
0.399047885276 -0.0445909792873 0.403294386598 0.0323938770031 -0.27755841458 -0.501405904684 0.025563249236 0.397326229508 0.0822509260716 0.12289270562 0.215636813507 0.162380234698 0.128092246828 0.124605497303 0.033412917845 0.0123540548181 0.0220098534545
0.121238903206 0.434199926187 0.450679900285 0.00429226746041 0.256548037545 -0.550853987645 0.00458768024358 0.121869811114 0.25925359092 0.222585809298 0.0313793978533 0.0242434069097 0.196543889454 0.0193540136689 0.011034823586 0.151823304663 0.0399026628233
0.295232528207 -0.359682439081 0.466117909939 -0.00414853300821 0.0471892568704 -0.485535057675 0.0133328366121 0.290958701978 0.0228348956199 0.0549037573738 0.246712218535 0.0406809673132 0.232336765743 0.0497099425365 0.188804083428 0.0828245729297 0.0372358406601
0.0039796525787 -0.435539741439 0.433853961314 0.0310415548992 0.343145779183 -0.542015570229 0.0188114547461 0.0506194493728 0.278680784434 0.223194409102 0.0464377168018 0.0606900218295 0.141215812019 0.0210319007529 0.0277159367466 0.106041044341 0.0199858753176
-0.264217320748 0.0243315503388 -0.0457415038957 -0.263837658051 -0.0314756800794 -0.256062989675 0.701428933494 0.266728165637 0.184159728274 0.126022687933 0.0655336474681 0.0552754523175 0.120647855172 0.0271326445946 0.0157080617868 0.00711087413618 0.0101615294224
